0.00000000E+00	9.65101500E-01	1.28266620E-01	1.70249450E-06
2.50000000E-03	9.64911330E-01	1.28903400E-01	-3.19684180E-03
5.00000000E-03	9.64371590E-01	1.30700440E-01	-6.36581010E-03
7.50000000E-03	9.63477830E-01	1.33641930E-01	-9.50124300E-03
1.00000000E-02	9.62220900E-01	1.37708560E-01	-1.25988900E-02
1.25000000E-02	9.60587380E-01	1.42877470E-01	-1.56543020E-02
1.50000000E-02	9.58560050E-01	1.49122150E-01	-1.86628450E-02
1.75000000E-02	9.56118550E-01	1.56412340E-01	-2.16197060E-02
2.00000000E-02	9.53239940E-01	1.64714080E-01	-2.45199120E-02
2.25000000E-02	9.49899470E-01	1.73989650E-01	-2.73583690E-02
2.50000000E-02	9.46071200E-01	1.84197630E-01	-3.01299160E-02
2.75000000E-02	9.41728770E-01	1.95293130E-01	-3.28294430E-02
3.00000000E-02	9.36846090E-01	2.07227860E-01	-3.54519670E-02
3.25000000E-02	9.31397920E-01	2.19950670E-01	-3.79928150E-02
3.50000000E-02	9.25360450E-01	2.33407680E-01	-4.04477750E-02
3.75000000E-02	9.18711950E-01	2.47542760E-01	-4.28131940E-02
4.00000000E-02	9.11432870E-01	2.62298230E-01	-4.50861380E-02
4.25000000E-02	9.03506140E-01	2.77615350E-01	-4.72646290E-02
4.50000000E-02	8.94917360E-01	2.93434690E-01	-4.93477590E-02
4.75000000E-02	8.85654960E-01	3.09696710E-01	-5.13356980E-02
5.00000000E-02	8.75710050E-01	3.26342250E-01	-5.32297040E-02
5.25000000E-02	8.65076030E-01	3.43313200E-01	-5.50322190E-02
5.50000000E-02	8.53748270E-01	3.60552830E-01	-5.67469040E-02
5.75000000E-02	8.41723680E-01	3.78006080E-01	-5.83786710E-02
6.00000000E-02	8.29000390E-01	3.95619820E-01	-5.99335780E-02
6.25000000E-02	8.15577450E-01	4.13342830E-01	-6.14187390E-02
6.50000000E-02	8.01454370E-01	4.31126010E-01	-6.28422210E-02
6.75000000E-02	7.86630710E-01	4.48922260E-01	-6.42129190E-02
7.00000000E-02	7.71105700E-01	4.66686380E-01	-6.55404890E-02
7.25000000E-02	7.54877660E-01	4.84374950E-01	-6.68353280E-02
7.50000000E-02	7.37943400E-01	5.01946040E-01	-6.81085030E-02
7.75000000E-02	7.20297980E-01	5.19358760E-01	-6.93716760E-02
8.00000000E-02	7.01934290E-01	5.36572870E-01	-7.06370730E-02
8.25000000E-02	6.82842650E-01	5.53548310E-01	-7.19174990E-02
8.50000000E-02	6.63010410E-01	5.70244590E-01	-7.32262930E-02
8.75000000E-02	6.42421820E-01	5.86620060E-01	-7.45772370E-02
9.00000000E-02	6.21058000E-01	6.02631210E-01	-7.59845160E-02
9.25000000E-02	5.98896970E-01	6.18231800E-01	-7.74626610E-02
9.50000000E-02	5.75913710E-01	6.33372010E-01	-7.90265430E-02
9.75000000E-02	5.52080240E-01	6.47997540E-01	-8.06912860E-02
1.00000000E-01	5.27365930E-01	6.62048430E-01	-8.24720230E-02
1.02500000E-01	5.01738250E-01	6.75458060E-01	-8.43835640E-02
1.05000000E-01	4.75163730E-01	6.88152070E-01	-8.64400050E-02
1.07500000E-01	4.47609220E-01	7.00047450E-01	-8.86541740E-02
1.10000000E-01	4.19043590E-01	7.11051840E-01	-9.10369460E-02
1.12500000E-01	3.89439720E-01	7.21063270E-01	-9.35964480E-02
1.15000000E-01	3.58776810E-01	7.29970410E-01	-9.63371680E-02
1.17500000E-01	3.27042850E-01	7.37653520E-01	-9.92589610E-02
1.20000000E-01	2.94237480E-01	7.43986410E-01	-1.02356110E-01
1.22500000E-01	2.60374620E-01	7.48839330E-01	-1.05616690E-01
1.25000000E-01	2.25484560E-01	7.52082980E-01	-1.09022280E-01
1.27500000E-01	1.89615190E-01	7.53593110E-01	-1.12548270E-01
1.30000000E-01	1.52831890E-01	7.53255540E-01	-1.16164690E-01
1.32500000E-01	1.15216290E-01	7.50970780E-01	-1.19837610E-01
1.35000000E-01	7.68636880E-02	7.46657930E-01	-1.23530850E-01
1.37500000E-01	3.78794570E-02	7.40257180E-01	-1.27207840E-01
1.40000000E-01	-1.62486780E-03	7.31730550E-01	-1.30833450E-01
1.42500000E-01	-4.15352120E-02	7.21060900E-01	-1.34375360E-01
1.45000000E-01	-8.17376840E-02	7.08249650E-01	-1.37805150E-01
1.47500000E-01	-1.22120140E-01	6.93313480E-01	-1.41098840E-01
1.50000000E-01	-1.62572380E-01	6.76280560E-01	-1.44236890E-01
1.52500000E-01	-2.02984990E-01	6.57186830E-01	-1.47203940E-01
1.55000000E-01	-2.43247130E-01	6.36072970E-01	-1.49987960E-01
1.57500000E-01	-2.83243540E-01	6.12982060E-01	-1.52579360E-01
1.60000000E-01	-3.22851240E-01	5.87958560E-01	-1.54969750E-01
1.62500000E-01	-3.61936770E-01	5.61048890E-01	-1.57150530E-01
1.65000000E-01	-4.00354980E-01	5.32303960E-01	-1.59111490E-01
1.67500000E-01	-4.37950680E-01	5.01783280E-01	-1.60839450E-01
1.70000000E-01	-4.74564070E-01	4.69559470E-01	-1.62317480E-01
1.72500000E-01	-5.10039640E-01	4.35721360E-01	-1.63525060E-01
1.75000000E-01	-5.44236910E-01	4.00373740E-01	-1.64439150E-01
1.77500000E-01	-5.77039990E-01	3.63633030E-01	-1.65035790E-01
1.80000000E-01	-6.08362760E-01	3.25619560E-01	-1.65291650E-01
1.82500000E-01	-6.38147710E-01	2.86449080E-01	-1.65184780E-01
1.85000000E-01	-6.66358650E-01	2.46226360E-01	-1.64694440E-01
1.87500000E-01	-6.92969080E-01	2.05043460E-01	-1.63799900E-01
1.90000000E-01	-7.17949200E-01	1.62983350E-01	-1.62478890E-01
1.92500000E-01	-7.41254260E-01	1.20128600E-01	-1.60706110E-01
1.95000000E-01	-7.62816460E-01	7.65732810E-02	-1.58452390E-01
1.97500000E-01	-7.82541430E-01	3.24357720E-02	-1.55684810E-01
2.00000000E-01	-8.00309140E-01	-1.21296550E-02	-1.52367600E-01
2.02500000E-01	-8.15978020E-01	-5.69241100E-02	-1.48463700E-01
2.05000000E-01	-8.29390700E-01	-1.01698370E-01	-1.43936210E-01
2.07500000E-01	-8.40379990E-01	-1.46149220E-01	-1.38749530E-01
2.10000000E-01	-8.48774830E-01	-1.89915950E-01	-1.32870050E-01
2.12500000E-01	-8.54407820E-01	-2.32575160E-01	-1.26267130E-01
2.15000000E-01	-8.57127750E-01	-2.73632920E-01	-1.18915620E-01
2.17500000E-01	-8.56822200E-01	-3.12516490E-01	-1.10802400E-01
2.20000000E-01	-8.53453760E-01	-3.48573780E-01	-1.01938670E-01
2.22500000E-01	-8.47107330E-01	-3.81094800E-01	-9.23774990E-02
2.25000000E-01	-8.38032940E-01	-4.09367820E-01	-8.22292220E-02
2.27500000E-01	-8.26659350E-01	-4.32766220E-01	-7.16633010E-02
2.30000000E-01	-8.13559780E-01	-4.50837710E-01	-6.08903910E-02
2.32500000E-01	-7.99376410E-01	-4.63358680E-01	-5.01309420E-02
2.35000000E-01	-7.84733290E-01	-4.70335690E-01	-3.95845890E-02
2.37500000E-01	-7.70170060E-01	-4.71965350E-01	-2.94110830E-02
2.40000000E-01	-7.56111480E-01	-4.68579040E-01	-1.97246460E-02
2.42500000E-01	-7.42868190E-01	-4.60594650E-01	-1.05977070E-02
2.45000000E-01	-7.30652380E-01	-4.48481310E-01	-2.06882730E-03
2.47500000E-01	-7.19593550E-01	-4.32732170E-01	5.84855220E-03
2.50000000E-01	-7.09750540E-01	-4.13843520E-01	1.31570690E-02
2.52500000E-01	-7.01123820E-01	-3.92305050E-01	1.98660670E-02
2.55000000E-01	-6.93673020E-01	-3.68602150E-01	2.59835280E-02
2.57500000E-01	-6.87337940E-01	-3.43225550E-01	3.15114050E-02
2.60000000E-01	-6.82056490E-01	-3.16680490E-01	3.64467040E-02
2.62500000E-01	-6.77776680E-01	-2.89487750E-01	4.07881550E-02
2.65000000E-01	-6.74456410E-01	-2.62173740E-01	4.45439100E-02
2.67500000E-01	-6.72051530E-01	-2.35248370E-01	4.77376200E-02
2.70000000E-01	-6.70511610E-01	-2.09171140E-01	5.04122670E-02
2.72500000E-01	-6.69791140E-01	-1.84316010E-01	5.26287930E-02
2.75000000E-01	-6.69857580E-01	-1.60952190E-01	5.44587590E-02
2.77500000E-01	-6.70690590E-01	-1.39247410E-01	5.59761300E-02
2.80000000E-01	-6.72294300E-01	-1.19287340E-01	5.72529010E-02
2.82500000E-01	-6.74736250E-01	-1.01102030E-01	5.83570970E-02
2.85000000E-01	-6.78192290E-01	-8.46903870E-02	5.93488660E-02
2.87500000E-01	-6.82960180E-01	-7.00310280E-02	6.02743810E-02
2.90000000E-01	-6.89419720E-01	-5.70743150E-02	6.11619550E-02
2.92500000E-01	-6.97948440E-01	-4.57250900E-02	6.20238190E-02
2.95000000E-01	-7.08828620E-01	-3.58335680E-02	6.28626120E-02
2.97500000E-01	-7.22186460E-01	-2.71994400E-02	6.36794720E-02
3.00000000E-01	-7.37981400E-01	-1.95741340E-02	6.44812790E-02
3.02500000E-01	-7.56033100E-01	-1.26440740E-02	6.52852660E-02
3.05000000E-01	-7.76054750E-01	-5.99932490E-03	6.61190680E-02
3.07500000E-01	-7.97667720E-01	8.86025620E-04	6.70141590E-02
3.10000000E-01	-8.20392880E-01	8.63598650E-03	6.79920900E-02
3.12500000E-01	-8.43630210E-01	1.79117260E-02	6.90479340E-02
3.15000000E-01	-8.66638560E-01	2.93230540E-02	7.01394340E-02
3.17500000E-01	-8.88523910E-01	4.33330540E-02	7.11863790E-02
3.20000000E-01	-9.08247490E-01	6.01682080E-02	7.20786410E-02
3.22500000E-01	-9.24672460E-01	7.97437510E-02	7.26918370E-02
3.25000000E-01	-9.36663130E-01	1.01623650E-01	7.29103870E-02
3.27500000E-01	-9.43232640E-01	1.25037120E-01	7.26508740E-02
3.30000000E-01	-9.43715490E-01	1.48956710E-01	7.18732300E-02
3.32500000E-01	-9.37928990E-01	1.72229060E-01	7.05771060E-02
3.35000000E-01	-9.26266620E-01	1.93755130E-01	6.87958040E-02
3.37500000E-01	-9.09651270E-01	2.12693430E-01	6.65927600E-02
3.40000000E-01	-8.89337600E-01	2.28603310E-01	6.40508640E-02
3.42500000E-01	-8.66658800E-01	2.41456260E-01	6.12541820E-02
3.45000000E-01	-8.42836970E-01	2.51534490E-01	5.82740980E-02
3.47500000E-01	-8.18902390E-01	2.59295290E-01	5.51661110E-02
3.50000000E-01	-7.95692500E-01	2.65260540E-01	5.19734940E-02
3.52500000E-01	-7.73879290E-01	2.69947080E-01	4.87312550E-02
3.55000000E-01	-7.53990780E-01	2.73829480E-01	4.54667620E-02
3.57500000E-01	-7.36419030E-01	2.77324190E-01	4.21977790E-02
3.60000000E-01	-7.21423740E-01	2.80786950E-01	3.89310360E-02
3.62500000E-01	-7.09140500E-01	2.84518120E-01	3.56627170E-02
3.65000000E-01	-6.99595330E-01	2.88771550E-01	3.23797150E-02
3.67500000E-01	-6.92724000E-01	2.93763930E-01	2.90613740E-02
3.70000000E-01	-6.88396640E-01	2.99677680E-01	2.56829770E-02
3.72500000E-01	-6.86449450E-01	3.06650570E-01	2.22208420E-02
3.75000000E-01	-6.86719130E-01	3.14756240E-01	1.86561800E-02
3.77500000E-01	-6.89069060E-01	3.23986230E-01	1.49748980E-02
3.80000000E-01	-6.93399350E-01	3.34237960E-01	1.11644250E-02
3.82500000E-01	-6.99640890E-01	3.45304930E-01	7.21153000E-03
3.85000000E-01	-7.07734870E-01	3.56868500E-01	3.10280380E-03
3.87500000E-01	-7.17600660E-01	3.68499290E-01	-1.17363520E-03
3.90000000E-01	-7.29100390E-01	3.79676650E-01	-5.62626780E-03
3.92500000E-01	-7.42015640E-01	3.89824820E-01	-1.02584320E-02
3.95000000E-01	-7.56054270E-01	3.98357030E-01	-1.50674010E-02
3.97500000E-01	-7.70887550E-01	4.04720670E-01	-2.00436630E-02
4.00000000E-01	-7.86190920E-01	4.08440030E-01	-2.51684180E-02
4.02500000E-01	-8.01663230E-01	4.09150100E-01	-3.04099800E-02
4.05000000E-01	-8.17026970E-01	4.06613690E-01	-3.57222790E-02
4.07500000E-01	-8.32025340E-01	4.00719990E-01	-4.10462980E-02
4.10000000E-01	-8.46419940E-01	3.91470540E-01	-4.63125080E-02
4.12500000E-01	-8.59984050E-01	3.78960370E-01	-5.14435420E-02
4.15000000E-01	-8.72491560E-01	3.63358110E-01	-5.63587490E-02
4.17500000E-01	-8.83710500E-01	3.44885660E-01	-6.09812000E-02
4.20000000E-01	-8.93411900E-01	3.23801000E-01	-6.52441970E-02
4.22500000E-01	-9.01395830E-01	3.00388170E-01	-6.90933290E-02
4.25000000E-01	-9.07521870E-01	2.74953490E-01	-7.24826900E-02
4.27500000E-01	-9.11724100E-01	2.47826000E-01	-7.53677560E-02
4.30000000E-01	-9.14004870E-01	2.19362290E-01	-7.77004210E-02
4.32500000E-01	-9.14423720E-01	1.89952370E-01	-7.94307420E-02
4.35000000E-01	-9.13100950E-01	1.60019430E-01	-8.05146910E-02
4.37500000E-01	-9.10234030E-01	1.30008470E-01	-8.09224140E-02
4.40000000E-01	-9.06105940E-01	1.00361410E-01	-8.06430120E-02
4.42500000E-01	-9.01065930E-01	7.14749510E-02	-7.96859600E-02
4.45000000E-01	-8.95482800E-01	4.36468340E-02	-7.80788210E-02
4.47500000E-01	-8.89695140E-01	1.70366380E-02	-7.58602670E-02
4.50000000E-01	-8.83985970E-01	-8.33182570E-03	-7.30712570E-02
4.52500000E-01	-8.78582100E-01	-3.25245380E-02	-6.97493490E-02
4.55000000E-01	-8.73656120E-01	-5.56328850E-02	-6.59282330E-02
4.57500000E-01	-8.69322930E-01	-7.77215700E-02	-6.16405310E-02
4.60000000E-01	-8.65646670E-01	-9.88039170E-02	-5.69204160E-02
4.62500000E-01	-8.62667840E-01	-1.18840450E-01	-5.18043090E-02
4.65000000E-01	-8.60435760E-01	-1.37747480E-01	-4.63300000E-02
4.67500000E-01	-8.59024170E-01	-1.55405110E-01	-4.05346090E-02
4.70000000E-01	-8.58526100E-01	-1.71663140E-01	-3.44516860E-02
4.72500000E-01	-8.59042600E-01	-1.86348070E-01	-2.81087000E-02
4.75000000E-01	-8.60674110E-01	-1.99269610E-01	-2.15269300E-02
4.77500000E-01	-8.63506270E-01	-2.10220910E-01	-1.47247240E-02
4.80000000E-01	-8.67584580E-01	-2.18971650E-01	-7.72302130E-03
4.82500000E-01	-8.72888220E-01	-2.25261220E-01	-5.51607680E-04
4.85000000E-01	-8.79318520E-01	-2.28803310E-01	6.74430330E-03
4.87500000E-01	-8.86701850E-01	-2.29307250E-01	1.40979090E-02
4.90000000E-01	-8.94793320E-01	-2.26511000E-01	2.14187140E-02
4.92500000E-01	-9.03279610E-01	-2.20216600E-01	2.85982580E-02
4.95000000E-01	-9.11792800E-01	-2.10324880E-01	3.55217020E-02
4.97500000E-01	-9.19933720E-01	-1.96866590E-01	4.20792680E-02
5.00000000E-01	-9.27292350E-01	-1.80019890E-01	4.81745460E-02
5.02500000E-01	-9.33469350E-01	-1.60103390E-01	5.37310240E-02
5.05000000E-01	-9.38116270E-01	-1.37545080E-01	5.86971900E-02
5.07500000E-01	-9.40996310E-01	-1.12836170E-01	6.30471070E-02
5.10000000E-01	-9.42038010E-01	-8.64815330E-02	6.67742750E-02
5.12500000E-01	-9.41342380E-01	-5.89552170E-02	6.98819900E-02
5.15000000E-01	-9.39131370E-01	-3.06695900E-02	7.23763860E-02
5.17500000E-01	-9.35669010E-01	-1.96393470E-03	7.42651910E-02
5.20000000E-01	-9.31200990E-01	2.68925470E-02	7.55600460E-02
5.22500000E-01	-9.25931600E-01	5.56953520E-02	7.62782260E-02
5.25000000E-01	-9.20024980E-01	8.43010990E-02	7.64410030E-02
5.27500000E-01	-9.13612880E-01	1.12617690E-01	7.60691580E-02
5.30000000E-01	-9.06805500E-01	1.40581520E-01	7.51789730E-02
5.32500000E-01	-8.99706550E-01	1.68127930E-01	7.37817530E-02
5.35000000E-01	-8.92423780E-01	1.95168790E-01	7.18865100E-02
5.37500000E-01	-8.85068810E-01	2.21586880E-01	6.95022900E-02
5.40000000E-01	-8.77756860E-01	2.47245230E-01	6.66378350E-02
5.42500000E-01	-8.70618480E-01	2.71999640E-01	6.33003240E-02
5.45000000E-01	-8.63814690E-01	2.95703590E-01	5.94963750E-02
5.47500000E-01	-8.57535880E-01	3.18205350E-01	5.52355380E-02
5.50000000E-01	-8.51978600E-01	3.39343830E-01	5.05336910E-02
5.52500000E-01	-8.47314820E-01	3.58946790E-01	4.54139060E-02
5.55000000E-01	-8.43674190E-01	3.76831350E-01	3.99047370E-02
5.57500000E-01	-8.41147290E-01	3.92806740E-01	3.40383750E-02
5.60000000E-01	-8.39798980E-01	4.06680300E-01	2.78514740E-02
5.62500000E-01	-8.39674490E-01	4.18266440E-01	2.13885880E-02
5.65000000E-01	-8.40792200E-01	4.27396830E-01	1.47048060E-02
5.67500000E-01	-8.43133000E-01	4.33930650E-01	7.86433510E-03
5.70000000E-01	-8.46639120E-01	4.37762080E-01	9.35362690E-04
5.72500000E-01	-8.51220970E-01	4.38820470E-01	-6.01545940E-03
5.75000000E-01	-8.56759890E-01	4.37061560E-01	-1.29260990E-02
5.77500000E-01	-8.63101750E-01	4.32455600E-01	-1.97394210E-02
5.80000000E-01	-8.70050170E-01	4.24981580E-01	-2.64014190E-02
5.82500000E-01	-8.77370490E-01	4.14631400E-01	-3.28581270E-02
5.85000000E-01	-8.84804950E-01	4.01422210E-01	-3.90524290E-02
5.87500000E-01	-8.92090440E-01	3.85411420E-01	-4.49222760E-02
5.90000000E-01	-8.98973090E-01	3.66709630E-01	-5.04008680E-02
5.92500000E-01	-9.05223170E-01	3.45489400E-01	-5.54180350E-02
5.95000000E-01	-9.10653190E-01	3.21987170E-01	-5.99020010E-02
5.97500000E-01	-9.15131750E-01	2.96495410E-01	-6.37817680E-02
6.00000000E-01	-9.18584250E-01	2.69345420E-01	-6.69908380E-02
6.02500000E-01	-9.20983290E-01	2.40888160E-01	-6.94720430E-02
6.05000000E-01	-9.22337990E-01	2.11482040E-01	-7.11822170E-02
6.07500000E-01	-9.22686710E-01	1.81489340E-01	-7.20953890E-02
6.10000000E-01	-9.22092460E-01	1.51276630E-01	-7.22038600E-02
6.12500000E-01	-9.20641560E-01	1.21213730E-01	-7.15173870E-02
6.15000000E-01	-9.18447980E-01	9.16689370E-02	-7.00610440E-02
6.17500000E-01	-9.15661810E-01	6.30011200E-02	-6.78721770E-02
6.20000000E-01	-9.12474210E-01	3.55491870E-02	-6.49968780E-02
6.22500000E-01	-9.09108990E-01	9.61909510E-03	-6.14868540E-02
6.25000000E-01	-9.05798760E-01	-1.45296730E-02	-5.73975930E-02
6.27500000E-01	-9.02756970E-01	-3.66928750E-02	-5.27876090E-02
6.30000000E-01	-9.00162480E-01	-5.67205230E-02	-4.77177010E-02
6.32500000E-01	-8.98162490E-01	-7.45066470E-02	-4.22497760E-02
6.35000000E-01	-8.96882470E-01	-8.99759570E-02	-3.64459700E-02
6.37500000E-01	-8.96429890E-01	-1.03073540E-01	-3.03686130E-02
6.40000000E-01	-8.96889860E-01	-1.13759080E-01	-2.40803650E-02
6.42500000E-01	-8.98319830E-01	-1.22003220E-01	-1.76433070E-02
6.45000000E-01	-9.00746130E-01	-1.27783230E-01	-1.11167570E-02
6.47500000E-01	-9.04160310E-01	-1.31077230E-01	-4.55511310E-03
6.50000000E-01	-9.08513030E-01	-1.31859180E-01	1.99214830E-03
6.52500000E-01	-9.13707050E-01	-1.30097620E-01	8.47750230E-03
6.55000000E-01	-9.19594010E-01	-1.25761040E-01	1.48508510E-02
6.57500000E-01	-9.25978120E-01	-1.18829280E-01	2.10558530E-02
6.60000000E-01	-9.32626380E-01	-1.09307430E-01	2.70283410E-02
6.62500000E-01	-9.39281830E-01	-9.72386970E-02	3.26966550E-02
6.65000000E-01	-9.45678640E-01	-8.27144840E-02	3.79835490E-02
6.67500000E-01	-9.51558350E-01	-6.58813520E-02	4.28096870E-02
6.70000000E-01	-9.56684640E-01	-4.69440220E-02	4.70984670E-02
6.72500000E-01	-9.60853880E-01	-2.61633770E-02	5.07814700E-02
6.75000000E-01	-9.63903850E-01	-3.84866380E-03	5.38036870E-02
6.77500000E-01	-9.65724270E-01	1.96558730E-02	5.61274530E-02
6.80000000E-01	-9.66268230E-01	4.39878850E-02	5.77340850E-02
6.82500000E-01	-9.65558950E-01	6.87843020E-02	5.86231800E-02
6.85000000E-01	-9.63687180E-01	9.36970550E-02	5.88106520E-02
6.87500000E-01	-9.60798210E-01	1.18406340E-01	5.83263940E-02
6.90000000E-01	-9.57071090E-01	1.42630290E-01	5.72114060E-02
6.92500000E-01	-9.52696830E-01	1.66129480E-01	5.55138290E-02
6.95000000E-01	-9.47863440E-01	1.88705740E-01	5.32843260E-02
6.97500000E-01	-9.42752230E-01	2.10196560E-01	5.05723140E-02
7.00000000E-01	-9.37542070E-01	2.30466950E-01	4.74244910E-02
7.02500000E-01	-9.32414140E-01	2.49400590E-01	4.38856680E-02
7.05000000E-01	-9.27549880E-01	2.66892050E-01	4.00002350E-02
7.07500000E-01	-9.23120500E-01	2.82840510E-01	3.58122500E-02
7.10000000E-01	-9.19272770E-01	2.97145210E-01	3.13634850E-02
7.12500000E-01	-9.16118890E-01	3.09702740E-01	2.66907520E-02
7.15000000E-01	-9.13735140E-01	3.20407200E-01	2.18245220E-02
7.17500000E-01	-9.12167740E-01	3.29153260E-01	1.67897870E-02
7.20000000E-01	-9.11440100E-01	3.35841530E-01	1.16083620E-02
7.22500000E-01	-9.11556930E-01	3.40384790E-01	6.30128730E-03
7.25000000E-01	-9.12504320E-01	3.42712880E-01	8.90841560E-04
7.27500000E-01	-9.14246790E-01	3.42774360E-01	-4.59738780E-03
7.30000000E-01	-9.16723070E-01	3.40533720E-01	-1.01322270E-02
7.32500000E-01	-9.19843830E-01	3.35965950E-01	-1.56751700E-02
7.35000000E-01	-9.23495100E-01	3.29052280E-01	-2.11799580E-02
7.37500000E-01	-9.27548070E-01	3.19781080E-01	-2.65932890E-02
7.40000000E-01	-9.31871010E-01	3.08155630E-01	-3.18558040E-02
7.42500000E-01	-9.36338820E-01	2.94206780E-01	-3.69029880E-02
7.45000000E-01	-9.40838720E-01	2.78006240E-01	-4.16666630E-02
7.47500000E-01	-9.45273010E-01	2.59675360E-01	-4.60778920E-02
7.50000000E-01	-9.49559540E-01	2.39386200E-01	-5.00709880E-02
7.52500000E-01	-9.53629700E-01	2.17354900E-01	-5.35870810E-02
7.55000000E-01	-9.57424390E-01	1.93830520E-01	-5.65756650E-02
7.57500000E-01	-9.60890700E-01	1.69083070E-01	-5.89939650E-02
7.60000000E-01	-9.63981830E-01	1.43394060E-01	-6.08055360E-02
7.62500000E-01	-9.66659080E-01	1.17050650E-01	-6.19795660E-02
7.65000000E-01	-9.68892420E-01	9.03433850E-02	-6.24910660E-02
7.67500000E-01	-9.70658140E-01	6.35661860E-02	-6.23210160E-02
7.70000000E-01	-9.71937150E-01	3.70171650E-02	-6.14560230E-02
7.72500000E-01	-9.72718090E-01	1.09987880E-02	-5.98882450E-02
7.75000000E-01	-9.73004570E-01	-1.41839200E-02	-5.76166960E-02
7.77500000E-01	-9.72821330E-01	-3.82278450E-02	-5.46498590E-02
7.80000000E-01	-9.72214580E-01	-6.08382070E-02	-5.10081920E-02
7.82500000E-01	-9.71247000E-01	-8.17350250E-02	-4.67250770E-02
7.85000000E-01	-9.69993040E-01	-1.00658110E-01	-4.18461070E-02
7.87500000E-01	-9.68538310E-01	-1.17370830E-01	-3.64276540E-02
7.90000000E-01	-9.66981790E-01	-1.31663890E-01	-3.05354830E-02
7.92500000E-01	-9.65435400E-01	-1.43359980E-01	-2.42434640E-02
7.95000000E-01	-9.64017200E-01	-1.52318390E-01	-1.76320580E-02
7.97500000E-01	-9.62839460E-01	-1.58437450E-01	-1.07864680E-02
8.00000000E-01	-9.61996540E-01	-1.61653140E-01	-3.79461280E-03
8.02500000E-01	-9.61556680E-01	-1.61934610E-01	3.25473340E-03
8.05000000E-01	-9.61559220E-01	-1.59279410E-01	1.02733860E-02
8.07500000E-01	-9.62015230E-01	-1.53711570E-01	1.71747820E-02
8.10000000E-01	-9.62908970E-01	-1.45283190E-01	2.38748430E-02
8.12500000E-01	-9.64198100E-01	-1.34077770E-01	3.02929140E-02
8.15000000E-01	-9.65812860E-01	-1.20212520E-01	3.63528470E-02
8.17500000E-01	-9.67655740E-01	-1.03838330E-01	4.19840930E-02
8.20000000E-01	-9.69604170E-01	-8.51377470E-02	4.71226200E-02
8.22500000E-01	-9.71517270E-01	-6.43226580E-02	5.17116010E-02
8.25000000E-01	-9.73245680E-01	-4.16319620E-02	5.57020870E-02
8.27500000E-01	-9.74642020E-01	-1.73289690E-02	5.90538690E-02
8.30000000E-01	-9.75570750E-01	8.30227920E-03	6.17362990E-02
8.32500000E-01	-9.75917310E-01	3.49617760E-02	6.37286550E-02
8.35000000E-01	-9.75596500E-01	6.23390650E-02	6.50200580E-02
8.37500000E-01	-9.74558880E-01	9.01192660E-02	6.56092670E-02
8.40000000E-01	-9.72793350E-01	1.17989340E-01	6.55044050E-02
8.42500000E-01	-9.70325240E-01	1.45643940E-01	6.47222510E-02
8.45000000E-01	-9.67211170E-01	1.72789970E-01	6.32868560E-02
8.47500000E-01	-9.63532150E-01	1.99149520E-01	6.12280100E-02
8.50000000E-01	-9.59386580E-01	2.24461520E-01	5.85804170E-02
8.52500000E-01	-9.54884190E-01	2.48483130E-01	5.53838640E-02
8.55000000E-01	-9.50141880E-01	2.70991580E-01	5.16837680E-02
8.57500000E-01	-9.45281700E-01	2.91786730E-01	4.75311620E-02
8.60000000E-01	-9.40429420E-01	3.10693460E-01	4.29816610E-02
8.62500000E-01	-9.35711420E-01	3.27562980E-01	3.80935280E-02
8.65000000E-01	-9.31248950E-01	3.42272300E-01	3.29253560E-02
8.67500000E-01	-9.27152150E-01	3.54722690E-01	2.75340230E-02
8.70000000E-01	-9.23517800E-01	3.64838550E-01	2.19736340E-02
8.72500000E-01	-9.20431990E-01	3.72568010E-01	1.62957600E-02
8.75000000E-01	-9.17974860E-01	3.77884710E-01	1.05506310E-02
8.77500000E-01	-9.16221910E-01	3.80788750E-01	4.78846530E-03
8.80000000E-01	-9.15239180E-01	3.81304690E-01	-9.39767060E-04
8.82500000E-01	-9.15073240E-01	3.79476620E-01	-6.58239170E-03
8.85000000E-01	-9.15740630E-01	3.75362210E-01	-1.20877670E-02
8.87500000E-01	-9.17220980E-01	3.69028330E-01	-1.74054420E-02
8.90000000E-01	-9.19455760E-01	3.60549470E-01	-2.24873970E-02
8.92500000E-01	-9.22352370E-01	3.50008980E-01	-2.72889810E-02
8.95000000E-01	-9.25792100E-01	3.37502350E-01	-3.17692780E-02
8.97500000E-01	-9.29639700E-01	3.23141530E-01	-3.58908950E-02
9.00000000E-01	-9.33752830E-01	3.07059220E-01	-3.96195260E-02
9.02500000E-01	-9.37989740E-01	2.89411690E-01	-4.29237680E-02
9.05000000E-01	-9.42215120E-01	2.70379070E-01	-4.57753880E-02
9.07500000E-01	-9.46304390E-01	2.50162860E-01	-4.81498760E-02
9.10000000E-01	-9.50147490E-01	2.28981750E-01	-5.00270360E-02
9.12500000E-01	-9.53652490E-01	2.07066860E-01	-5.13914490E-02
9.15000000E-01	-9.56749220E-01	1.84657500E-01	-5.22328130E-02
9.17500000E-01	-9.59392410E-01	1.61997150E-01	-5.25460580E-02
9.20000000E-01	-9.61563700E-01	1.39329800E-01	-5.23311170E-02
9.22500000E-01	-9.63271700E-01	1.16896590E-01	-5.15923910E-02
9.25000000E-01	-9.64549170E-01	9.49333080E-02	-5.03382660E-02
9.27500000E-01	-9.65447610E-01	7.36689050E-02	-4.85811370E-02
9.30000000E-01	-9.66030020E-01	5.33243140E-02	-4.63381090E-02
9.32500000E-01	-9.66363590E-01	3.41108490E-02	-4.36320600E-02
9.35000000E-01	-9.66513940E-01	1.62276870E-02	-4.04924260E-02
9.37500000E-01	-9.66542190E-01	-1.41440850E-04	-3.69552900E-02
9.40000000E-01	-9.66505370E-01	-1.48319800E-02	-3.30627420E-02
9.42500000E-01	-9.66459510E-01	-2.77022670E-02	-2.88618160E-02
9.45000000E-01	-9.66463070E-01	-3.86365370E-02	-2.44033060E-02
9.47500000E-01	-9.66578340E-01	-4.75464110E-02	-1.97406080E-02
9.50000000E-01	-9.66869250E-01	-5.43704850E-02	-1.49286380E-02
9.52500000E-01	-9.67395240E-01	-5.90725210E-02	-1.00228480E-02
9.55000000E-01	-9.68202920E-01	-6.16392980E-02	-5.07844940E-03
9.57500000E-01	-9.69318220E-01	-6.20789900E-02	-1.49866760E-04
9.60000000E-01	-9.70741480E-01	-6.04202260E-02	4.70961400E-03
9.62500000E-01	-9.72446430E-01	-5.67114690E-02	9.44810900E-03
9.65000000E-01	-9.74382320E-01	-5.10203680E-02	1.40153790E-02
9.67500000E-01	-9.76477630E-01	-4.34329990E-02	1.83630240E-02
9.70000000E-01	-9.78644930E-01	-3.40531890E-02	2.24446010E-02
9.72500000E-01	-9.80786580E-01	-2.30021770E-02	2.62157620E-02
9.75000000E-01	-9.82800910E-01	-1.04187130E-02	2.96345980E-02
9.77500000E-01	-9.84588350E-01	3.54060250E-03	3.26622720E-02
9.80000000E-01	-9.86056870E-01	1.87012770E-02	3.52638130E-02
9.82500000E-01	-9.87127200E-01	3.48717230E-02	3.74088010E-02
9.85000000E-01	-9.87737940E-01	5.18451650E-02	3.90718360E-02
9.87500000E-01	-9.87850060E-01	6.94025100E-02	4.02329360E-02
9.90000000E-01	-9.87449400E-01	8.73158390E-02	4.08781250E-02
9.92500000E-01	-9.86546120E-01	1.05352250E-01	4.10002900E-02
9.95000000E-01	-9.85171520E-01	1.23277920E-01	4.06001060E-02
9.97500000E-01	-9.83373760E-01	1.40862350E-01	3.96866910E-02
1.00000000E+00	-9.81213960E-01	1.57882650E-01	3.82776800E-02
1.00250000E+00	-9.78763610E-01	1.74127470E-01	3.63986720E-02
1.00500000E+00	-9.76102730E-01	1.89400500E-01	3.40822080E-02
1.00750000E+00	-9.73318210E-01	2.03523260E-01	3.13665740E-02
1.01000000E+00	-9.70501670E-01	2.16337480E-01	2.82946560E-02
1.01250000E+00	-9.67747050E-01	2.27707140E-01	2.49129360E-02
1.01500000E+00	-9.65148190E-01	2.37519960E-01	2.12706420E-02
1.01750000E+00	-9.62796130E-01	2.45688270E-01	1.74190010E-02
1.02000000E+00	-9.60775830E-01	2.52148630E-01	1.34105640E-02
1.02250000E+00	-9.59162000E-01	2.56860500E-01	9.29852400E-03
1.02500000E+00	-9.58014710E-01	2.59804260E-01	5.13600830E-03
1.02750000E+00	-9.57375910E-01	2.60979300E-01	9.75285070E-04
1.03000000E+00	-9.57267480E-01	2.60402670E-01	-3.13308070E-03
1.03250000E+00	-9.57690810E-01	2.58108260E-01	-7.14106750E-03
1.03500000E+00	-9.58627350E-01	2.54146110E-01	-1.10039450E-02
1.03750000E+00	-9.60039740E-01	2.48581460E-01	-1.46808620E-02
1.04000000E+00	-9.61873450E-01	2.41493490E-01	-1.81352030E-02
1.04250000E+00	-9.64058980E-01	2.32973940E-01	-2.13346740E-02
1.04500000E+00	-9.66514680E-01	2.23126170E-01	-2.42510580E-02
1.04750000E+00	-9.69150340E-01	2.12064830E-01	-2.68597370E-02
1.05000000E+00	-9.71871630E-01	1.99916370E-01	-2.91391600E-02
1.05250000E+00	-9.74585330E-01	1.86819460E-01	-3.10705090E-02
1.05500000E+00	-9.77204400E-01	1.72924940E-01	-3.26376760E-02
1.05750000E+00	-9.79652180E-01	1.58394550E-01	-3.38274980E-02
1.06000000E+00	-9.81864760E-01	1.43398630E-01	-3.46300960E-02
1.06250000E+00	-9.83791650E-01	1.28113170E-01	-3.50391460E-02
1.06500000E+00	-9.85395590E-01	1.12716730E-01	-3.50520360E-02
1.06750000E+00	-9.86652020E-01	9.73877620E-02	-3.46699120E-02
1.07000000E+00	-9.87549060E-01	8.23022950E-02	-3.38976200E-02
1.07250000E+00	-9.88087580E-01	6.76320700E-02	-3.27435450E-02
1.07500000E+00	-9.88281220E-01	5.35430760E-02	-3.12193770E-02
1.07750000E+00	-9.88156030E-01	4.01943130E-02	-2.93399220E-02
1.08000000E+00	-9.87749490E-01	2.77366570E-02	-2.71230610E-02
1.08250000E+00	-9.87108700E-01	1.63117140E-02	-2.45899160E-02
1.08500000E+00	-9.86287720E-01	6.05062050E-03	-2.17651370E-02
1.08750000E+00	-9.85343740E-01	-2.92717670E-03	-1.86771500E-02
1.09000000E+00	-9.84332860E-01	-1.05152150E-02	-1.53582030E-02
1.09250000E+00	-9.83306010E-01	-1.66214370E-02	-1.18441140E-02
1.09500000E+00	-9.82305990E-01	-2.11697230E-02	-8.17375170E-03
1.09750000E+00	-9.81366230E-01	-2.41013750E-02	-4.38832310E-03
1.10000000E+00	-9.80511060E-01	-2.53763170E-02	-5.30615880E-04
1.10250000E+00	-9.79756980E-01	-2.49738440E-02	3.35572570E-03
1.10500000E+00	-9.79113860E-01	-2.28928500E-02	7.22684590E-03
1.10750000E+00	-9.78585330E-01	-1.91515570E-02	1.10392260E-02
1.11000000E+00	-9.78168410E-01	-1.37868440E-02	1.47501230E-02
1.11250000E+00	-9.77853140E-01	-6.85331390E-03	1.83178840E-02
1.11500000E+00	-9.77623070E-01	1.57775280E-03	2.17021770E-02
1.11750000E+00	-9.77456620E-01	1.14194400E-02	2.48641910E-02
1.12000000E+00	-9.77328670E-01	2.25701480E-02	2.77668720E-02
1.12250000E+00	-9.77211530E-01	3.49143800E-02	3.03752280E-02
1.12500000E+00	-9.77074890E-01	4.83233080E-02	3.26567430E-02
1.12750000E+00	-9.76885500E-01	6.26551800E-02	3.45819220E-02
1.13000000E+00	-9.76607270E-01	7.77557930E-02	3.61249750E-02
1.13250000E+00	-9.76202350E-01	9.34592750E-02	3.72645930E-02
1.13500000E+00	-9.75633210E-01	1.09589430E-01	3.79846920E-02
1.13750000E+00	-9.74865510E-01	1.25961730E-01	3.82749830E-02
1.14000000E+00	-9.73871560E-01	1.42385840E-01	3.81313010E-02
1.14250000E+00	-9.72633970E-01	1.58668840E-01	3.75557520E-02
1.14500000E+00	-9.71148880E-01	1.74618760E-01	3.65567520E-02
1.14750000E+00	-9.69427990E-01	1.90048450E-01	3.51490090E-02
1.15000000E+00	-9.67498960E-01	2.04779560E-01	3.33533860E-02
1.15250000E+00	-9.65404050E-01	2.18646010E-01	3.11965310E-02
1.15500000E+00	-9.63197630E-01	2.31496950E-01	2.87102230E-02
1.15750000E+00	-9.60942990E-01	2.43198890E-01	2.59304800E-02
1.16000000E+00	-9.58709220E-01	2.53637180E-01	2.28965420E-02
1.16250000E+00	-9.56568370E-01	2.62716880E-01	1.96498720E-02
1.16500000E+00	-9.54592870E-01	2.70363050E-01	1.62332580E-02
1.16750000E+00	-9.52852980E-01	2.76520580E-01	1.26900410E-02
1.17000000E+00	-9.51414050E-01	2.81153440E-01	9.06343310E-03
1.17250000E+00	-9.50333460E-01	2.84243520E-01	5.39590720E-03
1.17500000E+00	-9.49657450E-01	2.85789240E-01	1.72861390E-03
1.17750000E+00	-9.49418470E-01	2.85804030E-01	-1.89916110E-03
1.18000000E+00	-9.49633300E-01	2.84315030E-01	-5.45048940E-03
1.18250000E+00	-9.50302440E-01	2.81361930E-01	-8.89120040E-03
1.18500000E+00	-9.51410660E-01	2.76996070E-01	-1.21901360E-02
1.18750000E+00	-9.52928570E-01	2.71279520E-01	-1.53192220E-02
1.19000000E+00	-9.54814560E-01	2.64284220E-01	-1.82533590E-02
1.19250000E+00	-9.57016840E-01	2.56091000E-01	-2.09701840E-02
1.19500000E+00	-9.59475090E-01	2.46788600E-01	-2.34498070E-02
1.19750000E+00	-9.62121970E-01	2.36472890E-01	-2.56746140E-02
1.20000000E+00	-9.64884940E-01	2.25246240E-01	-2.76291760E-02
1.20250000E+00	-9.67688860E-01	2.13217420E-01	-2.93002550E-02
1.20500000E+00	-9.70459490E-01	2.00501630E-01	-3.06768490E-02
1.20750000E+00	-9.73127550E-01	1.87220720E-01	-3.17502360E-02
1.21000000E+00	-9.75632420E-01	1.73503080E-01	-3.25140160E-02
1.21250000E+00	-9.77924980E-01	1.59483180E-01	-3.29641800E-02
1.21500000E+00	-9.79969190E-01	1.45300430E-01	-3.30992150E-02
1.21750000E+00	-9.81742450E-01	1.31097590E-01	-3.29202510E-02
1.22000000E+00	-9.83235130E-01	1.17018660E-01	-3.24312110E-02
1.22250000E+00	-9.84449330E-01	1.03206610E-01	-3.16388870E-02
1.22500000E+00	-9.85397450E-01	8.98010800E-02	-3.05528980E-02
1.22750000E+00	-9.86100470E-01	7.69362980E-02	-2.91855220E-02
1.23000000E+00	-9.86586560E-01	6.47393710E-02	-2.75514400E-02
1.23250000E+00	-9.86889610E-01	5.33289110E-02	-2.56674760E-02
1.23500000E+00	-9.87047820E-01	4.28139020E-02	-2.35523890E-02
1.23750000E+00	-9.87101720E-01	3.32927000E-02	-2.12267410E-02
1.24000000E+00	-9.87091670E-01	2.48521320E-02	-1.87128130E-02
1.24250000E+00	-9.87055110E-01	1.75667760E-02	-1.60345260E-02
1.24500000E+00	-9.87023970E-01	1.14984830E-02	-1.32173450E-02
1.24750000E+00	-9.87023040E-01	6.69614550E-03	-1.02881570E-02
1.25000000E+00	-9.87069370E-01	3.19561010E-03	-7.27513320E-03
1.25250000E+00	-9.87172620E-01	1.01963800E-03	-4.20757100E-03
1.25500000E+00	-9.87335800E-01	1.77860670E-04	-1.11569910E-03
1.25750000E+00	-9.87556070E-01	6.66763330E-04	1.96956400E-03
1.26000000E+00	-9.87825280E-01	2.46974980E-03	5.01688050E-03
1.26250000E+00	-9.88130330E-01	5.55730720E-03	7.99476820E-03
1.26500000E+00	-9.88453470E-01	9.88723950E-03	1.08718620E-02
1.26750000E+00	-9.88772910E-01	1.54049230E-02	1.36171770E-02
1.27000000E+00	-9.89063760E-01	2.20435790E-02	1.62004050E-02
1.27250000E+00	-9.89299440E-01	2.97246020E-02	1.85922930E-02
1.27500000E+00	-9.89453210E-01	3.83580150E-02	2.07650930E-02
1.27750000E+00	-9.89499760E-01	4.78431060E-02	2.26930890E-02
1.28000000E+00	-9.89416460E-01	5.80692450E-02	2.43531650E-02
1.28250000E+00	-9.89184330E-01	6.89169170E-02	2.57253850E-02
1.28500000E+00	-9.88788670E-01	8.02589740E-02	2.67935820E-02
1.28750000E+00	-9.88219510E-01	9.19621920E-02	2.75458940E-02
1.29000000E+00	-9.87471850E-01	1.03889130E-01	2.79752060E-02
1.29250000E+00	-9.86545870E-01	1.15900300E-01	2.80794080E-02
1.29500000E+00	-9.85447210E-01	1.27856480E-01	2.78614100E-02
1.29750000E+00	-9.84187400E-01	1.39621070E-01	2.73289250E-02
1.30000000E+00	-9.82784250E-01	1.51062340E-01	2.64940730E-02
1.30250000E+00	-9.81262210E-01	1.62055400E-01	2.53728800E-02
1.30500000E+00	-9.79652250E-01	1.72483930E-01	2.39847670E-02
1.30750000E+00	-9.77991250E-01	1.82241610E-01	2.23520540E-02
1.31000000E+00	-9.76320820E-01	1.91233200E-01	2.04995040E-02
1.31250000E+00	-9.74685720E-01	1.99375460E-01	1.84539170E-02
1.31500000E+00	-9.73131930E-01	2.06597690E-01	1.62437620E-02
1.31750000E+00	-9.71704470E-01	2.12842130E-01	1.38988250E-02
1.32000000E+00	-9.70445160E-01	2.18064030E-01	1.14498470E-02
1.32250000E+00	-9.69390380E-01	2.22231550E-01	8.92813710E-03
1.32500000E+00	-9.68568940E-01	2.25325340E-01	6.36513920E-03
1.32750000E+00	-9.68000240E-01	2.27337910E-01	3.79199740E-03
1.33000000E+00	-9.67693000E-01	2.28272870E-01	1.23913330E-03
1.33250000E+00	-9.67644700E-01	2.28144190E-01	-1.26413880E-03
1.33500000E+00	-9.67841920E-01	2.26975590E-01	-3.68995620E-03
1.33750000E+00	-9.68261530E-01	2.24800150E-01	-6.01222180E-03
1.34000000E+00	-9.68872390E-01	2.21660060E-01	-8.20689520E-03
1.34250000E+00	-9.69637580E-01	2.17606430E-01	-1.02522600E-02
1.34500000E+00	-9.70516640E-01	2.12699180E-01	-1.21291600E-02
1.34750000E+00	-9.71467780E-01	2.07006710E-01	-1.38211900E-02
1.35000000E+00	-9.72449980E-01	2.00605410E-01	-1.53148460E-02
1.35250000E+00	-9.73424720E-01	1.93578980E-01	-1.65996180E-02
1.35500000E+00	-9.74357530E-01	1.86017390E-01	-1.76680300E-02
1.35750000E+00	-9.75219090E-01	1.78015610E-01	-1.85156000E-02
1.36000000E+00	-9.75986220E-01	1.69672130E-01	-1.91407150E-02
1.36250000E+00	-9.76642450E-01	1.61087330E-01	-1.95444200E-02
1.36500000E+00	-9.77178380E-01	1.52361860E-01	-1.97301200E-02
1.36750000E+00	-9.77591680E-01	1.43595120E-01	-1.97032400E-02
1.37000000E+00	-9.77886770E-01	1.34883990E-01	-1.94708540E-02
1.37250000E+00	-9.78074100E-01	1.26321730E-01	-1.90413250E-02
1.37500000E+00	-9.78169130E-01	1.17997210E-01	-1.84239980E-02
1.37750000E+00	-9.78191130E-01	1.09994280E-01	-1.76289660E-02
1.38000000E+00	-9.78161800E-01	1.02391420E-01	-1.66669300E-02
1.38250000E+00	-9.78103990E-01	9.52614340E-02	-1.55491730E-02
1.38500000E+00	-9.78040430E-01	8.86712720E-02	-1.42876090E-02
1.38750000E+00	-9.77992610E-01	8.26818780E-02	-1.28949150E-02
1.39000000E+00	-9.77979750E-01	7.73479940E-02	-1.13846720E-02
1.39250000E+00	-9.78017760E-01	7.27178980E-02	-9.77150730E-03
1.39500000E+00	-9.78118320E-01	6.88330770E-02	-8.07116470E-03
1.39750000E+00	-9.78288150E-01	6.57278440E-02	-6.30050860E-03
1.40000000E+00	-9.78528540E-01	6.34289470E-02	-4.47744490E-03
1.40250000E+00	-9.78835440E-01	6.19551940E-02	-2.62078090E-03
1.40500000E+00	-9.79199860E-01	6.13171180E-02	-7.50044200E-04
1.40750000E+00	-9.79608880E-01	6.15166820E-02	1.11472180E-03
1.41000000E+00	-9.80046810E-01	6.25470250E-02	2.95317300E-03
1.41250000E+00	-9.80496540E-01	6.43922630E-02	4.74488760E-03
1.41500000E+00	-9.80940770E-01	6.70273810E-02	6.46959820E-03
1.41750000E+00	-9.81363150E-01	7.04182410E-02	8.10743900E-03
1.42000000E+00	-9.81748940E-01	7.45217320E-02	9.63921260E-03
1.42250000E+00	-9.82085510E-01	7.92860670E-02	1.10466730E-02
1.42500000E+00	-9.82362410E-01	8.46512300E-02	1.23128150E-02
1.42750000E+00	-9.82571180E-01	9.05495540E-02	1.34221610E-02
1.43000000E+00	-9.82705170E-01	9.69064490E-02	1.43610210E-02
1.43250000E+00	-9.82759370E-01	1.03641250E-01	1.51177330E-02
1.43500000E+00	-9.82730350E-01	1.10668230E-01	1.56828560E-02
1.43750000E+00	-9.82616600E-01	1.17897680E-01	1.60493370E-02
1.44000000E+00	-9.82418930E-01	1.25237240E-01	1.62126200E-02
1.44250000E+00	-9.82140980E-01	1.32593170E-01	1.61707150E-02
1.44500000E+00	-9.81789690E-01	1.39871780E-01	1.59242140E-02
1.44750000E+00	-9.81375580E-01	1.46980850E-01	1.54762470E-02
1.45000000E+00	-9.80912640E-01	1.53830870E-01	1.48324100E-02
1.45250000E+00	-9.80418050E-01	1.60336290E-01	1.40006720E-02
1.45500000E+00	-9.79911400E-01	1.66416550E-01	1.29912870E-02
1.45750000E+00	-9.79413820E-01	1.71997000E-01	1.18167320E-02
1.46000000E+00	-9.78946940E-01	1.77009790E-01	1.04916570E-02
1.46250000E+00	-9.78531740E-01	1.81394610E-01	9.03282630E-03
1.46500000E+00	-9.78187570E-01	1.85099430E-01	7.45902700E-03
1.46750000E+00	-9.77931220E-01	1.88081110E-01	5.79089530E-03
1.47000000E+00	-9.77776220E-01	1.90305920E-01	4.05064710E-03
1.47250000E+00	-9.77732470E-01	1.91749980E-01	2.26170650E-03
1.47500000E+00	-9.77806080E-01	1.92399500E-01	4.48252450E-04
1.47750000E+00	-9.77999450E-01	1.92250890E-01	-1.36528240E-03
1.48000000E+00	-9.78311400E-01	1.91310660E-01	-3.15471590E-03
1.48250000E+00	-9.78737370E-01	1.89595190E-01	-4.89658520E-03
1.48500000E+00	-9.79269450E-01	1.87130190E-01	-6.56854930E-03
1.48750000E+00	-9.79896530E-01	1.83950140E-01	-8.14971390E-03
1.49000000E+00	-9.80604440E-01	1.80097620E-01	-9.62087880E-03
1.49250000E+00	-9.81376190E-01	1.75622610E-01	-1.09647240E-02
1.49500000E+00	-9.82192490E-01	1.70581780E-01	-1.21659500E-02
1.49750000E+00	-9.83032260E-01	1.65037870E-01	-1.32113900E-02
1.50000000E+00	-9.83873450E-01	1.59058990E-01	-1.40900910E-02
1.50250000E+00	-9.84693790E-01	1.52717940E-01	-1.47933810E-02
1.50500000E+00	-9.85471690E-01	1.46091380E-01	-1.53148980E-02
1.50750000E+00	-9.86187120E-01	1.39259030E-01	-1.56505850E-02
1.51000000E+00	-9.86822510E-01	1.32302680E-01	-1.57986440E-02
1.51250000E+00	-9.87363550E-01	1.25305200E-01	-1.57594510E-02
1.51500000E+00	-9.87799930E-01	1.18349490E-01	-1.55354390E-02
1.51750000E+00	-9.88125770E-01	1.11517440E-01	-1.51309580E-02
1.52000000E+00	-9.88339800E-01	1.04888880E-01	-1.45521370E-02
1.52250000E+00	-9.88445180E-01	9.85405870E-02	-1.38067470E-02
1.52500000E+00	-9.88448980E-01	9.25454120E-02	-1.29040920E-02
1.52750000E+00	-9.88361320E-01	8.69714580E-02	-1.18549200E-02
1.53000000E+00	-9.88194400E-01	8.18813950E-02	-1.06713500E-02
1.53250000E+00	-9.87961470E-01	7.73318950E-02	-9.36680120E-03
1.53500000E+00	-9.87675840E-01	7.33731790E-02	-7.95590850E-03
1.53750000E+00	-9.87350160E-01	7.00486740E-02	-6.45441000E-03
1.54000000E+00	-9.86995840E-01	6.73947410E-02	-4.87900170E-03
1.54250000E+00	-9.86622670E-01	6.54404660E-02	-3.24715800E-03
1.54500000E+00	-9.86238640E-01	6.42074840E-02	-1.57692500E-03
1.54750000E+00	-9.85849870E-01	6.37098190E-02	1.13303340E-04
1.55000000E+00	-9.85460560E-01	6.39537340E-02	1.80501880E-03
1.55250000E+00	-9.85073030E-01	6.49376290E-02	3.47983130E-03
1.55500000E+00	-9.84687780E-01	6.66519700E-02	5.11969110E-03
1.55750000E+00	-9.84303510E-01	6.90793170E-02	6.70709260E-03
1.56000000E+00	-9.83917380E-01	7.21944340E-02	8.22525230E-03
1.56250000E+00	-9.83525220E-01	7.59645100E-02	9.65825610E-03
1.56500000E+00	-9.83122020E-01	8.03494960E-02	1.09911770E-02
1.56750000E+00	-9.82702410E-01	8.53025280E-02	1.22101610E-02
1.57000000E+00	-9.82261170E-01	9.07704530E-02	1.33024980E-02
1.57250000E+00	-9.81793800E-01	9.66944120E-02	1.42566700E-02
1.57500000E+00	-9.81296890E-01	1.03010490E-01	1.50624060E-02
1.57750000E+00	-9.80768490E-01	1.09650400E-01	1.57107520E-02
1.58000000E+00	-9.80208340E-01	1.16542220E-01	1.61941560E-02
1.58250000E+00	-9.79618010E-01	1.23611180E-01	1.65065750E-02
1.58500000E+00	-9.79000970E-01	1.30780450E-01	1.66435980E-02
1.58750000E+00	-9.78362510E-01	1.37972040E-01	1.66025630E-02
1.59000000E+00	-9.77709550E-01	1.45107620E-01	1.63826940E-02
1.59250000E+00	-9.77050400E-01	1.52109430E-01	1.59852120E-02
1.59500000E+00	-9.76394360E-01	1.58901160E-01	1.54134550E-02
1.59750000E+00	-9.75751410E-01	1.65408820E-01	1.46729710E-02
1.60000000E+00	-9.75131830E-01	1.71561650E-01	1.37715840E-02
1.60250000E+00	-9.74545920E-01	1.77293040E-01	1.27194060E-02
1.60500000E+00	-9.74003820E-01	1.82541450E-01	1.15287900E-02
1.60750000E+00	-9.73515380E-01	1.87251210E-01	1.02141980E-02
1.61000000E+00	-9.73090050E-01	1.91373390E-01	8.79200660E-03
1.61250000E+00	-9.72736820E-01	1.94866470E-01	7.28021360E-03
1.61500000E+00	-9.72464020E-01	1.97696910E-01	5.69809630E-03
1.61750000E+00	-9.72279110E-01	1.99839520E-01	4.06581300E-03
1.62000000E+00	-9.72188340E-01	2.01277640E-01	2.40398370E-03
1.62250000E+00	-9.72196430E-01	2.02003210E-01	7.33272420E-04
1.62500000E+00	-9.72306200E-01	2.02016600E-01	-9.26008280E-04
1.62750000E+00	-9.72518300E-01	2.01326380E-01	-2.55425380E-03
1.63000000E+00	-9.72831030E-01	1.99948920E-01	-4.13287700E-03
1.63250000E+00	-9.73240290E-01	1.97908050E-01	-5.64456490E-03
1.63500000E+00	-9.73739660E-01	1.95234470E-01	-7.07348130E-03
1.63750000E+00	-9.74320580E-01	1.91965250E-01	-8.40541490E-03
1.64000000E+00	-9.74972690E-01	1.88143230E-01	-9.62787690E-03
1.64250000E+00	-9.75684130E-01	1.83816330E-01	-1.07301530E-02
1.64500000E+00	-9.76441980E-01	1.79036870E-01	-1.17033220E-02
1.64750000E+00	-9.77232650E-01	1.73860860E-01	-1.25402440E-02
1.65000000E+00	-9.78042350E-01	1.68347290E-01	-1.32355390E-02
1.65250000E+00	-9.78857450E-01	1.62557370E-01	-1.37855520E-02
1.65500000E+00	-9.79664930E-01	1.56553900E-01	-1.41883120E-02
1.65750000E+00	-9.80452760E-01	1.50400500E-01	-1.44434750E-02
1.66000000E+00	-9.81210250E-01	1.44161010E-01	-1.45522640E-02
1.66250000E+00	-9.81928290E-01	1.37898750E-01	-1.45173830E-02
1.66500000E+00	-9.82599690E-01	1.31675930E-01	-1.43429250E-02
1.66750000E+00	-9.83219290E-01	1.25553080E-01	-1.40342670E-02
1.67000000E+00	-9.83784130E-01	1.19588400E-01	-1.35979610E-02
1.67250000E+00	-9.84293450E-01	1.13837350E-01	-1.30416080E-02
1.67500000E+00	-9.84748630E-01	1.08352070E-01	-1.23737320E-02
1.67750000E+00	-9.85152860E-01	1.03181020E-01	-1.16036340E-02
1.68000000E+00	-9.85510830E-01	9.83685650E-02	-1.07412320E-02
1.68250000E+00	-9.85828170E-01	9.39546440E-02	-9.79689150E-03
1.68500000E+00	-9.86110890E-01	8.99745050E-02	-8.78124790E-03
1.68750000E+00	-9.86364850E-01	8.64585050E-02	-7.70503610E-03
1.69000000E+00	-9.86595190E-01	8.34319940E-02	-6.57893200E-03
1.69250000E+00	-9.86805990E-01	8.09152680E-02	-5.41342260E-03
1.69500000E+00	-9.86999980E-01	7.89236080E-02	-4.21871060E-03
1.69750000E+00	-9.87178370E-01	7.74673720E-02	-3.00466400E-03
1.70000000E+00	-9.87340900E-01	7.65521370E-02	-1.78081020E-03
1.70250000E+00	-9.87485880E-01	7.61788600E-02	-5.56376320E-04
1.70500000E+00	-9.87610410E-01	7.63440380E-02	6.59631180E-04
1.70750000E+00	-9.87710670E-01	7.70398530E-02	1.85832060E-03
1.71000000E+00	-9.87782280E-01	7.82542740E-02	3.03079790E-03
1.71250000E+00	-9.87820650E-01	7.99711300E-02	4.16805930E-03
1.71500000E+00	-9.87821470E-01	8.21701430E-02	5.26091320E-03
1.71750000E+00	-9.87781020E-01	8.48269530E-02	6.29994990E-03
1.72000000E+00	-9.87696540E-01	8.79131370E-02	7.27556860E-03
1.72250000E+00	-9.87566420E-01	9.13962530E-02	8.17806630E-03
1.72500000E+00	-9.87390290E-01	9.52399240E-02	8.99778740E-03
1.72750000E+00	-9.87168940E-01	9.94039850E-02	9.72532300E-03
1.73000000E+00	-9.86904250E-01	1.03844690E-01	1.03517510E-02
1.73250000E+00	-9.86598920E-01	1.08515030E-01	1.08688970E-02
1.73500000E+00	-9.86256300E-01	1.13365080E-01	1.12696110E-02
1.73750000E+00	-9.85880160E-01	1.18342560E-01	1.15480170E-02
1.74000000E+00	-9.85474620E-01	1.23393320E-01	1.16997540E-02
1.74250000E+00	-9.85044050E-01	1.28462030E-01	1.17221560E-02
1.74500000E+00	-9.84593040E-01	1.33492890E-01	1.16143960E-02
1.74750000E+00	-9.84126470E-01	1.38430360E-01	1.13775640E-02
1.75000000E+00	-9.83649540E-01	1.43219900E-01	1.10146920E-02
1.75250000E+00	-9.83167710E-01	1.47808820E-01	1.05307240E-02
1.75500000E+00	-9.82686760E-01	1.52146990E-01	9.93242940E-03
1.75750000E+00	-9.82212610E-01	1.56187640E-01	9.22826740E-03
1.76000000E+00	-9.81751230E-01	1.59888020E-01	8.42821320E-03
1.76250000E+00	-9.81308430E-01	1.63210100E-01	7.54354820E-03
1.76500000E+00	-9.80889710E-01	1.66121050E-01	6.58662980E-03
1.76750000E+00	-9.80500060E-01	1.68593740E-01	5.57065030E-03
1.77000000E+00	-9.80143790E-01	1.70607100E-01	4.50939490E-03
1.77250000E+00	-9.79824480E-01	1.72146250E-01	3.41700780E-03
1.77500000E+00	-9.79544870E-01	1.73202680E-01	2.30777320E-03
1.77750000E+00	-9.79306880E-01	1.73774190E-01	1.19591410E-03
1.78000000E+00	-9.79111580E-01	1.73864770E-01	9.54089560E-05
1.78250000E+00	-9.78959240E-01	1.73484400E-01	-9.80174770E-04
1.78500000E+00	-9.78849380E-01	1.72648730E-01	-2.01783740E-03
1.78750000E+00	-9.78780770E-01	1.71378730E-01	-3.00529830E-03
1.79000000E+00	-9.78751450E-01	1.69700300E-01	-3.93114770E-03
1.79250000E+00	-9.78758770E-01	1.67643760E-01	-4.78500020E-03
1.79500000E+00	-9.78799450E-01	1.65243390E-01	-5.55764830E-03
1.79750000E+00	-9.78869610E-01	1.62536880E-01	-6.24120980E-03
1.80000000E+00	-9.78964970E-01	1.59564730E-01	-6.82925910E-03
1.80250000E+00	-9.79081030E-01	1.56369670E-01	-7.31693080E-03
1.80500000E+00	-9.79213210E-01	1.52996010E-01	-7.70098570E-03
1.80750000E+00	-9.79357140E-01	1.49488990E-01	-7.97983200E-03
1.81000000E+00	-9.79508780E-01	1.45894110E-01	-8.15349770E-03
1.81250000E+00	-9.79664620E-01	1.42256540E-01	-8.22355620E-03
1.81500000E+00	-9.79821770E-01	1.38620500E-01	-8.19300990E-03
1.81750000E+00	-9.79978010E-01	1.35028690E-01	-8.06613820E-03
1.82000000E+00	-9.80131870E-01	1.31521860E-01	-7.84832220E-03
1.82250000E+00	-9.80282580E-01	1.28138300E-01	-7.54585400E-03
1.82500000E+00	-9.80430010E-01	1.24913540E-01	-7.16574310E-03
1.82750000E+00	-9.80574590E-01	1.21880030E-01	-6.71553010E-03
1.83000000E+00	-9.80717150E-01	1.19066930E-01	-6.20311550E-03
1.83250000E+00	-9.80858740E-01	1.16499930E-01	-5.63661280E-03
1.83500000E+00	-9.81000500E-01	1.14201130E-01	-5.02422680E-03
1.83750000E+00	-9.81143400E-01	1.12189000E-01	-4.37416100E-03
1.84000000E+00	-9.81288190E-01	1.10478390E-01	-3.69455030E-03
1.84250000E+00	-9.81435240E-01	1.09080470E-01	-2.99341550E-03
1.84500000E+00	-9.81584520E-01	1.08002870E-01	-2.27863380E-03
1.84750000E+00	-9.81735620E-01	1.07249650E-01	-1.55791830E-03
1.85000000E+00	-9.81887760E-01	1.06821460E-01	-8.38802030E-04
1.85250000E+00	-9.82039900E-01	1.06715530E-01	-1.28620460E-04
1.85500000E+00	-9.82190780E-01	1.06925830E-01	5.65510790E-04
1.85750000E+00	-9.82339040E-01	1.07443130E-01	1.23672570E-03
1.86000000E+00	-9.82483220E-01	1.08255100E-01	1.87844730E-03
1.86250000E+00	-9.82621800E-01	1.09346460E-01	2.48443710E-03
1.86500000E+00	-9.82753190E-01	1.10699150E-01	3.04885370E-03
1.86750000E+00	-9.82875770E-01	1.12292510E-01	3.56631800E-03
1.87000000E+00	-9.82987870E-01	1.14103500E-01	4.03198000E-03
1.87250000E+00	-9.83087870E-01	1.16107020E-01	4.44158190E-03
1.87500000E+00	-9.83174230E-01	1.18276170E-01	4.79151100E-03
1.87750000E+00	-9.83245620E-01	1.20582560E-01	5.07883900E-03
1.88000000E+00	-9.83301020E-01	1.22996710E-01	5.30134400E-03
1.88250000E+00	-9.83339790E-01	1.25488350E-01	5.45751710E-03
1.88500000E+00	-9.83361790E-01	1.28026760E-01	5.54655440E-03
1.88750000E+00	-9.83367360E-01	1.30581170E-01	5.56834110E-03
1.89000000E+00	-9.83357340E-01	1.33121000E-01	5.52343020E-03
1.89250000E+00	-9.83333090E-01	1.35616280E-01	5.41302140E-03
1.89500000E+00	-9.83296390E-01	1.38037870E-01	5.23894040E-03
1.89750000E+00	-9.83249410E-01	1.40357820E-01	5.00362250E-03
1.90000000E+00	-9.83194610E-01	1.42549580E-01	4.71009680E-03
1.90250000E+00	-9.83134670E-01	1.44588360E-01	4.36197280E-03
1.90500000E+00	-9.83072430E-01	1.46451270E-01	3.96342590E-03
1.90750000E+00	-9.83010800E-01	1.48117650E-01	3.51917870E-03
1.91000000E+00	-9.82952670E-01	1.49569240E-01	3.03447770E-03
1.91250000E+00	-9.82900870E-01	1.50790370E-01	2.51505970E-03
1.91500000E+00	-9.82858120E-01	1.51768190E-01	1.96710790E-03
1.91750000E+00	-9.82826900E-01	1.52492740E-01	1.39719600E-03
1.92000000E+00	-9.82809430E-01	1.52957120E-01	8.12218180E-04
1.92250000E+00	-9.82807560E-01	1.53157570E-01	2.19308950E-04
1.92500000E+00	-9.82822720E-01	1.53093470E-01	-3.74247530E-04
1.92750000E+00	-9.82855790E-01	1.52767350E-01	-9.61115170E-04
1.93000000E+00	-9.82907050E-01	1.52184880E-01	-1.53400860E-03
1.93250000E+00	-9.82976170E-01	1.51354750E-01	-2.08579920E-03
1.93500000E+00	-9.83062130E-01	1.50288550E-01	-2.60962150E-03
1.93750000E+00	-9.83163320E-01	1.49000630E-01	-3.09898040E-03
1.94000000E+00	-9.83277530E-01	1.47507880E-01	-3.54785360E-03
1.94250000E+00	-9.83402120E-01	1.45829520E-01	-3.95078900E-03
1.94500000E+00	-9.83534080E-01	1.43986810E-01	-4.30299130E-03
1.94750000E+00	-9.83670200E-01	1.42002800E-01	-4.60039520E-03
1.95000000E+00	-9.83807180E-01	1.39901990E-01	-4.83972110E-03
1.95250000E+00	-9.83941730E-01	1.37710030E-01	-5.01851190E-03
1.95500000E+00	-9.84070680E-01	1.35453370E-01	-5.13514840E-03
1.95750000E+00	-9.84191010E-01	1.33158960E-01	-5.18884460E-03
1.96000000E+00	-9.84299920E-01	1.30853880E-01	-5.17962420E-03
1.96250000E+00	-9.84394860E-01	1.28565060E-01	-5.10828080E-03
1.96500000E+00	-9.84473540E-01	1.26318980E-01	-4.97632650E-03
1.96750000E+00	-9.84533980E-01	1.24141370E-01	-4.78593160E-03
1.97000000E+00	-9.84574520E-01	1.22056950E-01	-4.53986260E-03
1.97250000E+00	-9.84593910E-01	1.20089240E-01	-4.24141930E-03
1.97500000E+00	-9.84591320E-01	1.18260250E-01	-3.89437710E-03
1.97750000E+00	-9.84566380E-01	1.16590380E-01	-3.50293430E-03
1.98000000E+00	-9.84519260E-01	1.15098180E-01	-3.07166440E-03
1.98250000E+00	-9.84450590E-01	1.13800170E-01	-2.60547310E-03
1.98500000E+00	-9.84361540E-01	1.12710770E-01	-2.10955570E-03
1.98750000E+00	-9.84253660E-01	1.11842080E-01	-1.58935460E-03
1.99000000E+00	-9.84128870E-01	1.11203840E-01	-1.05051350E-03
1.99250000E+00	-9.83989320E-01	1.10803340E-01	-4.98827760E-04
1.99500000E+00	-9.83837300E-01	1.10645340E-01	5.98096270E-05
1.99750000E+00	-9.83675100E-01	1.10732030E-01	6.19465560E-04
2.00000000E+00	-9.83504900E-01	1.11063030E-01	1.17422800E-03
2.00250000E+00	-9.83328730E-01	1.11635420E-01	1.71826910E-03
2.00500000E+00	-9.83148320E-01	1.12443700E-01	2.24590860E-03
2.00750000E+00	-9.82965130E-01	1.13479910E-01	2.75167580E-03
2.01000000E+00	-9.82780330E-01	1.14733710E-01	3.23036760E-03
2.01250000E+00	-9.82594750E-01	1.16192430E-01	3.67709950E-03
2.01500000E+00	-9.82409000E-01	1.17841260E-01	4.08734840E-03
2.01750000E+00	-9.82223440E-01	1.19663400E-01	4.45698380E-03
2.02000000E+00	-9.82038290E-01	1.21640230E-01	4.78228990E-03
2.02250000E+00	-9.81853670E-01	1.23751510E-01	5.05997670E-03
2.02500000E+00	-9.81669670E-01	1.25975570E-01	5.28718590E-03
2.02750000E+00	-9.81486470E-01	1.28289580E-01	5.46149310E-03
2.03000000E+00	-9.81304360E-01	1.30669770E-01	5.58091230E-03
2.03250000E+00	-9.81123860E-01	1.33091590E-01	5.64390430E-03
2.03500000E+00	-9.80945720E-01	1.35530060E-01	5.64939390E-03
2.03750000E+00	-9.80770980E-01	1.37959900E-01	5.59679370E-03
2.04000000E+00	-9.80600980E-01	1.40355840E-01	5.48603600E-03
2.04250000E+00	-9.80437300E-01	1.42692830E-01	5.31760760E-03
2.04500000E+00	-9.80281800E-01	1.44946290E-01	5.09258560E-03
2.04750000E+00	-9.80136500E-01	1.47092350E-01	4.81266930E-03
2.05000000E+00	-9.80003530E-01	1.49108130E-01	4.48020400E-03
2.05250000E+00	-9.79885090E-01	1.50971970E-01	4.09819230E-03
2.05500000E+00	-9.79783320E-01	1.52663660E-01	3.67029130E-03
2.05750000E+00	-9.79700250E-01	1.54164730E-01	3.20079320E-03
2.06000000E+00	-9.79637770E-01	1.55458650E-01	2.69458750E-03
2.06250000E+00	-9.79597480E-01	1.56531010E-01	2.15710620E-03
2.06500000E+00	-9.79580760E-01	1.57369800E-01	1.59425350E-03
2.06750000E+00	-9.79588670E-01	1.57965480E-01	1.01232080E-03
2.07000000E+00	-9.79621990E-01	1.58311170E-01	4.17892380E-04
2.07250000E+00	-9.79681160E-01	1.58402770E-01	-1.82256820E-04
2.07500000E+00	-9.79766370E-01	1.58238990E-01	-7.81266400E-04
2.07750000E+00	-9.79877470E-01	1.57821400E-01	-1.37229550E-03
2.08000000E+00	-9.80014060E-01	1.57154420E-01	-1.94862480E-03
2.08250000E+00	-9.80175430E-01	1.56245290E-01	-2.50375150E-03
2.08500000E+00	-9.80360580E-01	1.55103950E-01	-3.03147760E-03
2.08750000E+00	-9.80568190E-01	1.53742940E-01	-3.52598680E-03
2.09000000E+00	-9.80796620E-01	1.52177190E-01	-3.98191210E-03
2.09250000E+00	-9.81043930E-01	1.50423900E-01	-4.39439310E-03
2.09500000E+00	-9.81307810E-01	1.48502250E-01	-4.75912410E-03
2.09750000E+00	-9.81585680E-01	1.46433200E-01	-5.07239440E-03
2.10000000E+00	-9.81874690E-01	1.44239190E-01	-5.33112290E-03
2.10250000E+00	-9.82171730E-01	1.41943900E-01	-5.53288720E-03
2.10500000E+00	-9.82473550E-01	1.39571940E-01	-5.67594840E-03
2.10750000E+00	-9.82776800E-01	1.37148540E-01	-5.75927180E-03
2.11000000E+00	-9.83078110E-01	1.34699260E-01	-5.78254100E-03
2.11250000E+00	-9.83374160E-01	1.32249680E-01	-5.74616540E-03
2.11500000E+00	-9.83661770E-01	1.29825070E-01	-5.65127690E-03
2.11750000E+00	-9.83937950E-01	1.27450110E-01	-5.49971660E-03
2.12000000E+00	-9.84199950E-01	1.25148610E-01	-5.29400560E-03
2.12250000E+00	-9.84445380E-01	1.22943210E-01	-5.03730250E-03
2.12500000E+00	-9.84672140E-01	1.20855140E-01	-4.73334480E-03
2.12750000E+00	-9.84878560E-01	1.18904030E-01	-4.38637510E-03
2.13000000E+00	-9.85063360E-01	1.17107680E-01	-4.00105620E-03
2.13250000E+00	-9.85225660E-01	1.15481910E-01	-3.58237590E-03
2.13500000E+00	-9.85365000E-01	1.14040450E-01	-3.13554750E-03
2.13750000E+00	-9.85481320E-01	1.12794860E-01	-2.66590910E-03
2.14000000E+00	-9.85574890E-01	1.11754430E-01	-2.17882790E-03
2.14250000E+00	-9.85646330E-01	1.10926210E-01	-1.67961180E-03
2.14500000E+00	-9.85696470E-01	1.10315000E-01	-1.17343260E-03
2.14750000E+00	-9.85726350E-01	1.09923380E-01	-6.65262030E-04
2.15000000E+00	-9.85737080E-01	1.09751770E-01	-1.59822860E-04
2.15250000E+00	-9.85729830E-01	1.09798530E-01	3.38445020E-04
2.15500000E+00	-9.85705700E-01	1.10060010E-01	8.25403870E-04
2.15750000E+00	-9.85665690E-01	1.10530730E-01	1.29722330E-03
2.16000000E+00	-9.85610630E-01	1.11203420E-01	1.75037300E-03
2.16250000E+00	-9.85541180E-01	1.12069170E-01	2.18160620E-03
2.16500000E+00	-9.85457770E-01	1.13117520E-01	2.58793490E-03
2.16750000E+00	-9.85360680E-01	1.14336640E-01	2.96660330E-03
2.17000000E+00	-9.85250020E-01	1.15713340E-01	3.31506010E-03
2.17250000E+00	-9.85125800E-01	1.17233280E-01	3.63093620E-03
2.17500000E+00	-9.84988010E-01	1.18880970E-01	3.91202960E-03
2.17750000E+00	-9.84836670E-01	1.20639990E-01	4.15630090E-03
2.18000000E+00	-9.84671930E-01	1.22492990E-01	4.36188040E-03
2.18250000E+00	-9.84494130E-01	1.24421910E-01	4.52708790E-03
2.18500000E+00	-9.84303850E-01	1.26408010E-01	4.65046390E-03
2.18750000E+00	-9.84101970E-01	1.28432090E-01	4.73080890E-03
2.19000000E+00	-9.83889650E-01	1.30474620E-01	4.76723020E-03
2.19250000E+00	-9.83668350E-01	1.32515880E-01	4.75918900E-03
2.19500000E+00	-9.83439790E-01	1.34536190E-01	4.70654570E-03
2.19750000E+00	-9.83205920E-01	1.36516040E-01	4.60959920E-03
2.20000000E+00	-9.82968850E-01	1.38436380E-01	4.46911620E-03
2.20250000E+00	-9.82730820E-01	1.40278750E-01	4.28634850E-03
2.20500000E+00	-9.82494160E-01	1.42025520E-01	4.06303760E-03
2.20750000E+00	-9.82261220E-01	1.43660090E-01	3.80140580E-03
2.21000000E+00	-9.82034350E-01	1.45167110E-01	3.50413680E-03
2.21250000E+00	-9.81815890E-01	1.46532640E-01	3.17434470E-03
2.21500000E+00	-9.81608080E-01	1.47744330E-01	2.81553720E-03
2.21750000E+00	-9.81413090E-01	1.48791540E-01	2.43157230E-03
2.22000000E+00	-9.81232940E-01	1.49665510E-01	2.02661200E-03
2.22250000E+00	-9.81069490E-01	1.50359440E-01	1.60507470E-03
2.22500000E+00	-9.80924400E-01	1.50868520E-01	1.17158620E-03
2.22750000E+00	-9.80799070E-01	1.51190000E-01	7.30930110E-04
2.23000000E+00	-9.80694630E-01	1.51323250E-01	2.87997700E-04
2.23250000E+00	-9.80611890E-01	1.51269650E-01	-1.52264430E-04
2.23500000E+00	-9.80551290E-01	1.51032660E-01	-5.84908710E-04
2.23750000E+00	-9.80512940E-01	1.50617710E-01	-1.00504420E-03
2.24000000E+00	-9.80496580E-01	1.50032130E-01	-1.40789830E-03
2.24250000E+00	-9.80501590E-01	1.49285080E-01	-1.78888150E-03
2.24500000E+00	-9.80527020E-01	1.48387420E-01	-2.14365590E-03
2.24750000E+00	-9.80571620E-01	1.47351580E-01	-2.46820550E-03
2.25000000E+00	-9.80633900E-01	1.46191420E-01	-2.75890630E-03
2.25250000E+00	-9.80712150E-01	1.44922050E-01	-3.01259490E-03
2.25500000E+00	-9.80804560E-01	1.43559650E-01	-3.22663150E-03
2.25750000E+00	-9.80909220E-01	1.42121250E-01	-3.39895550E-03
2.26000000E+00	-9.81024210E-01	1.40624540E-01	-3.52813040E-03
2.26250000E+00	-9.81147630E-01	1.39087610E-01	-3.61337470E-03
2.26500000E+00	-9.81277660E-01	1.37528700E-01	-3.65457680E-03
2.26750000E+00	-9.81412590E-01	1.35965990E-01	-3.65229290E-03
2.27000000E+00	-9.81550830E-01	1.34417310E-01	-3.60772620E-03
2.27250000E+00	-9.81690960E-01	1.32899920E-01	-3.52268800E-03
2.27500000E+00	-9.81831680E-01	1.31430260E-01	-3.39954250E-03
2.27750000E+00	-9.81971900E-01	1.30023770E-01	-3.24113830E-03
2.28000000E+00	-9.82110680E-01	1.28694680E-01	-3.05072820E-03
2.28250000E+00	-9.82247240E-01	1.27455830E-01	-2.83188350E-03
2.28500000E+00	-9.82380960E-01	1.26318610E-01	-2.58840510E-03
2.28750000E+00	-9.82511380E-01	1.25292810E-01	-2.32423700E-03
2.29000000E+00	-9.82638150E-01	1.24386560E-01	-2.04338500E-03
2.29250000E+00	-9.82761000E-01	1.23606330E-01	-1.74984390E-03
2.29500000E+00	-9.82879760E-01	1.22956900E-01	-1.44753510E-03
2.29750000E+00	-9.82994260E-01	1.22441370E-01	-1.14025540E-03
2.30000000E+00	-9.83104350E-01	1.22061240E-01	-8.31637350E-04
2.30250000E+00	-9.83209840E-01	1.21816420E-01	-5.25119420E-04
2.30500000E+00	-9.83310460E-01	1.21705330E-01	-2.23925400E-04
2.30750000E+00	-9.83405890E-01	1.21724950E-01	6.89489690E-05
2.31000000E+00	-9.83495720E-01	1.21870980E-01	3.50743720E-04
2.31250000E+00	-9.83579430E-01	1.22137880E-01	6.18938530E-04
2.31500000E+00	-9.83656460E-01	1.22518990E-01	8.71253970E-04
2.31750000E+00	-9.83726210E-01	1.23006670E-01	1.10565160E-03
2.32000000E+00	-9.83788030E-01	1.23592400E-01	1.32033370E-03
2.32250000E+00	-9.83841300E-01	1.24266850E-01	1.51374350E-03
2.32500000E+00	-9.83885440E-01	1.25020080E-01	1.68456590E-03
2.32750000E+00	-9.83919950E-01	1.25841570E-01	1.83172830E-03
2.33000000E+00	-9.83944440E-01	1.26720390E-01	1.95440220E-03
2.33250000E+00	-9.83958650E-01	1.27645260E-01	2.05200300E-03
2.33500000E+00	-9.83962480E-01	1.28604730E-01	2.12418890E-03
2.33750000E+00	-9.83956030E-01	1.29587210E-01	2.17085770E-03
2.34000000E+00	-9.83939600E-01	1.30581150E-01	2.19214070E-03
2.34250000E+00	-9.83913710E-01	1.31575090E-01	2.18839360E-03
2.34500000E+00	-9.83879090E-01	1.32557840E-01	2.16018610E-03
2.34750000E+00	-9.83836700E-01	1.33518500E-01	2.10828930E-03
2.35000000E+00	-9.83787660E-01	1.34446620E-01	2.03366180E-03
2.35250000E+00	-9.83733310E-01	1.35332270E-01	1.93743750E-03
2.35500000E+00	-9.83675060E-01	1.36166120E-01	1.82091360E-03
2.35750000E+00	-9.83614440E-01	1.36939540E-01	1.68554140E-03
2.36000000E+00	-9.83552980E-01	1.37644650E-01	1.53291870E-03
2.36250000E+00	-9.83492180E-01	1.38274380E-01	1.36478420E-03
2.36500000E+00	-9.83433470E-01	1.38822580E-01	1.18301390E-03
2.36750000E+00	-9.83378150E-01	1.39284010E-01	9.89616390E-04
2.37000000E+00	-9.83327340E-01	1.39654420E-01	7.86727920E-04
2.37250000E+00	-9.83281970E-01	1.39930600E-01	5.76604990E-04
2.37500000E+00	-9.83242730E-01	1.40110360E-01	3.61613220E-04
2.37750000E+00	-9.83210110E-01	1.40192630E-01	1.44211990E-04
2.38000000E+00	-9.83184350E-01	1.40177430E-01	-7.30657450E-05
2.38250000E+00	-9.83165470E-01	1.40065880E-01	-2.87638870E-04
2.38500000E+00	-9.83153280E-01	1.39860200E-01	-4.96908340E-04
2.38750000E+00	-9.83147400E-01	1.39563730E-01	-6.98291820E-04
2.39000000E+00	-9.83147270E-01	1.39180850E-01	-8.89261710E-04
2.39250000E+00	-9.83152220E-01	1.38716970E-01	-1.06738550E-03
2.39500000E+00	-9.83161420E-01	1.38178490E-01	-1.23036700E-03
2.39750000E+00	-9.83173990E-01	1.37572700E-01	-1.37608690E-03
2.40000000E+00	-9.83188970E-01	1.36907720E-01	-1.50264110E-03
2.40250000E+00	-9.83205350E-01	1.36192400E-01	-1.60837600E-03
2.40500000E+00	-9.83222140E-01	1.35436220E-01	-1.69191800E-03
2.40750000E+00	-9.83238340E-01	1.34649150E-01	-1.75219810E-03
2.41000000E+00	-9.83252990E-01	1.33841570E-01	-1.78846970E-03
2.41250000E+00	-9.83265210E-01	1.33024070E-01	-1.80031960E-03
2.41500000E+00	-9.83274180E-01	1.32207380E-01	-1.78767250E-03
2.41750000E+00	-9.83279170E-01	1.31402170E-01	-1.75078810E-03
2.42000000E+00	-9.83279580E-01	1.30618970E-01	-1.69025350E-03
2.42250000E+00	-9.83274920E-01	1.29867960E-01	-1.60696870E-03
2.42500000E+00	-9.83264830E-01	1.29158900E-01	-1.50212960E-03
2.42750000E+00	-9.83249100E-01	1.28500940E-01	-1.37720540E-03
2.43000000E+00	-9.83227640E-01	1.27902570E-01	-1.23391500E-03
2.43250000E+00	-9.83200490E-01	1.27371460E-01	-1.07419980E-03
2.43500000E+00	-9.83167820E-01	1.26914380E-01	-9.00195810E-04
2.43750000E+00	-9.83129890E-01	1.26537130E-01	-7.14203410E-04
2.44000000E+00	-9.83087080E-01	1.26244460E-01	-5.18655630E-04
2.44250000E+00	-9.83039850E-01	1.26040020E-01	-3.16084900E-04
2.44500000E+00	-9.82988720E-01	1.25926330E-01	-1.09088210E-04
2.44750000E+00	-9.82934250E-01	1.25904770E-01	9.97090530E-05
2.45000000E+00	-9.82877050E-01	1.25975570E-01	3.07690060E-04
2.45250000E+00	-9.82817720E-01	1.26137790E-01	5.12283540E-04
2.45500000E+00	-9.82756860E-01	1.26389430E-01	7.10999960E-04
2.45750000E+00	-9.82695020E-01	1.26727400E-01	9.01465810E-04
2.46000000E+00	-9.82632730E-01	1.27147590E-01	1.08145480E-03
2.46250000E+00	-9.82570440E-01	1.27644990E-01	1.24891540E-03
2.46500000E+00	-9.82508520E-01	1.28213700E-01	1.40199300E-03
2.46750000E+00	-9.82447280E-01	1.28847070E-01	1.53904730E-03
2.47000000E+00	-9.82386960E-01	1.29537770E-01	1.65866360E-03
2.47250000E+00	-9.82327750E-01	1.30277900E-01	1.75965900E-03
2.47500000E+00	-9.82269790E-01	1.31059070E-01	1.84108280E-03
2.47750000E+00	-9.82213200E-01	1.31872530E-01	1.90221360E-03
2.48000000E+00	-9.82158140E-01	1.32709240E-01	1.94255140E-03
2.48250000E+00	-9.82104800E-01	1.33560010E-01	1.96180880E-03
2.48500000E+00	-9.82053430E-01	1.34415540E-01	1.95989970E-03
2.48750000E+00	-9.82004370E-01	1.35266560E-01	1.93692800E-03
2.49000000E+00	-9.81958030E-01	1.36103890E-01	1.89317710E-03
2.49250000E+00	-9.81914960E-01	1.36918540E-01	1.82910090E-03
2.49500000E+00	-9.81875770E-01	1.37701780E-01	1.74531620E-03
2.49750000E+00	-9.81841160E-01	1.38445220E-01	1.64259790E-03
2.50000000E+00	-9.81811880E-01	1.39140880E-01	1.52187650E-03
